name: blast
channels:
  - bioconda
  - conda-forge
  - defaults
  - r
dependencies:
  - _libgcc_mutex=0.1=conda_forge
  - _openmp_mutex=4.5=2_gnu
  - blast=2.12.0=hf3cf87c_4
  - bzip2=1.0.8=h7f98852_4
  - c-ares=1.19.1=hd590300_0
  - ca-certificates=2023.5.7=hbcca054_0
  - curl=7.88.1=hdc1c0ab_1
  - entrez-direct=16.2=he881be0_1
  - gettext=0.21.1=h27087fc_0
  - keyutils=1.6.1=h166bdaf_0
  - krb5=1.20.1=h81ceb04_0
  - libcurl=7.88.1=hdc1c0ab_1
  - libedit=3.1.20191231=he28a2e2_2
  - libev=4.33=h516909a_1
  - libgcc-ng=13.1.0=he5830b7_0
  - libgomp=13.1.0=he5830b7_0
  - libidn2=2.3.4=h166bdaf_0
  - libnghttp2=1.52.0=h61bc06f_0
  - libnsl=2.0.0=h7f98852_0
  - libssh2=1.11.0=h0841786_0
  - libstdcxx-ng=13.1.0=hfd8a6a1_0
  - libunistring=0.9.10=h7f98852_0
  - libzlib=1.2.13=h166bdaf_4
  - ncurses=6.4=hcb278e6_0
  - openssl=3.1.1=hd590300_1
  - pcre=8.45=h9c3ff4c_0
  - perl=5.32.1=2_h7f98852_perl5
  - perl-archive-tar=2.40=pl5321hdfd78af_0
  - perl-carp=1.38=pl5321hdfd78af_4
  - perl-common-sense=3.75=pl5321hdfd78af_0
  - perl-compress-raw-bzip2=2.201=pl5321h87f3376_1
  - perl-compress-raw-zlib=2.105=pl5321h87f3376_0
  - perl-encode=3.19=pl5321hec16e2b_1
  - perl-exporter=5.72=pl5321hdfd78af_2
  - perl-exporter-tiny=1.002002=pl5321hdfd78af_0
  - perl-extutils-makemaker=7.70=pl5321hd8ed1ab_0
  - perl-io-compress=2.201=pl5321hdbdd923_2
  - perl-io-zlib=1.14=pl5321hdfd78af_0
  - perl-json=4.10=pl5321hdfd78af_0
  - perl-json-xs=2.34=pl5321h4ac6f70_6
  - perl-list-moreutils=0.430=pl5321hdfd78af_0
  - perl-list-moreutils-xs=0.430=pl5321h031d066_2
  - perl-parent=0.236=pl5321hdfd78af_2
  - perl-pathtools=3.75=pl5321hec16e2b_3
  - perl-scalar-list-utils=1.62=pl5321hec16e2b_1
  - perl-types-serialiser=1.01=pl5321hdfd78af_0
  - wget=1.20.3=ha35d2d1_1
  - zlib=1.2.13=h166bdaf_4
  - zstd=1.5.2=h3eb15da_6
